         ps   in_a   in_b   opcode  alu_out   alu_zero  alu_carry        
       9000     00     00        1       00          1          0 
      19000     00     00        2       00          1          0 
      29000     00     00        3       01          0          0 
      39000     00     00        4       ff          0          1 
      49000     00     00        5       00          1          0 
      59000     00     00        6       00          1          0 
      69000     00     00        7       00          1          0 
      79000     00     00        8       00          1          0 
      89000     00     00        9       00          1          0 
      99000     00     00        a       ff          0          0 
     109000     00     00        b       00          1          0 
     119000     00     00        f       00          1          0 
     129000     aa     00        1       aa          0          0 
     139000     aa     00        2       aa          0          0 
     149000     aa     00        3       ab          0          0 
     159000     aa     00        4       a9          0          0 
     169000     aa     00        5       aa          0          0 
     179000     aa     00        6       00          1          0 
     189000     aa     00        7       aa          0          0 
     199000     aa     00        8       55          0          0 
     209000     aa     00        9       54          0          1 
     219000     aa     00        a       55          0          0 
     229000     aa     00        b       56          0          1 
     239000     aa     00        f       aa          0          0 
     249000     aa     aa        1       54          0          1 
     259000     aa     aa        2       00          1          0 
     269000     aa     aa        3       ab          0          0 
     279000     aa     aa        4       a9          0          0 
     289000     aa     aa        5       aa          0          0 
     299000     aa     aa        6       aa          0          0 
     309000     aa     aa        7       00          1          0 
     319000     aa     aa        8       55          0          0 
     329000     aa     aa        9       54          0          1 
     339000     aa     aa        a       55          0          0 
     349000     aa     aa        b       56          0          1 
     359000     aa     aa        f       aa          0          0 
     369000     00     aa        1       aa          0          0 
     379000     00     aa        2       56          0          1 
     389000     00     aa        3       01          0          0 
     399000     00     aa        4       ff          0          1 
     409000     00     aa        5       aa          0          0 
     419000     00     aa        6       00          1          0 
     429000     00     aa        7       aa          0          0 
     439000     00     aa        8       00          1          0 
     449000     00     aa        9       00          1          0 
     459000     00     aa        a       ff          0          0 
     469000     00     aa        b       00          1          0 
     479000     00     aa        f       00          1          0 
     489000     55     00        1       55          0          0 
     499000     55     00        2       55          0          0 
     509000     55     00        3       56          0          0 
     519000     55     00        4       54          0          0 
     529000     55     00        5       55          0          0 
     539000     55     00        6       00          1          0 
     549000     55     00        7       55          0          0 
     559000     55     00        8       2a          0          0 
     569000     55     00        9       aa          0          0 
     579000     55     00        a       aa          0          0 
     589000     55     00        b       ab          0          1 
     599000     55     00        f       55          0          0 
     609000     55     55        1       aa          0          0 
     619000     55     55        2       00          1          0 
     629000     55     55        3       56          0          0 
     639000     55     55        4       54          0          0 
     649000     55     55        5       55          0          0 
     659000     55     55        6       55          0          0 
     669000     55     55        7       00          1          0 
     679000     55     55        8       2a          0          0 
     689000     55     55        9       aa          0          0 
     699000     55     55        a       aa          0          0 
     709000     55     55        b       ab          0          1 
     719000     55     55        f       55          0          0 
     729000     00     55        1       55          0          0 
     739000     00     55        2       ab          0          1 
     749000     00     55        3       01          0          0 
     759000     00     55        4       ff          0          1 
     769000     00     55        5       55          0          0 
     779000     00     55        6       00          1          0 
     789000     00     55        7       55          0          0 
     799000     00     55        8       00          1          0 
     809000     00     55        9       00          1          0 
     819000     00     55        a       ff          0          0 
     829000     00     55        b       00          1          0 
     839000     00     55        f       00          1          0 
     849000     ff     00        1       ff          0          0 
     859000     ff     00        2       ff          0          0 
     869000     ff     00        3       00          1          1 
     879000     ff     00        4       fe          0          0 
     889000     ff     00        5       ff          0          0 
     899000     ff     00        6       00          1          0 
     909000     ff     00        7       ff          0          0 
     919000     ff     00        8       7f          0          0 
     929000     ff     00        9       fe          0          1 
     939000     ff     00        a       00          1          0 
     949000     ff     00        b       01          0          1 
     959000     ff     00        f       ff          0          0 
     969000     ff     ff        1       fe          0          1 
     979000     ff     ff        2       00          1          0 
     989000     ff     ff        3       00          1          1 
     999000     ff     ff        4       fe          0          0 
    1009000     ff     ff        5       ff          0          0 
    1019000     ff     ff        6       ff          0          0 
    1029000     ff     ff        7       00          1          0 
    1039000     ff     ff        8       7f          0          0 
    1049000     ff     ff        9       fe          0          1 
    1059000     ff     ff        a       00          1          0 
    1069000     ff     ff        b       01          0          1 
    1079000     ff     ff        f       ff          0          0 
    1089000     00     ff        1       ff          0          0 
    1099000     00     ff        2       01          0          1 
    1109000     00     ff        3       01          0          0 
    1119000     00     ff        4       ff          0          1 
    1129000     00     ff        5       ff          0          0 
    1139000     00     ff        6       00          1          0 
    1149000     00     ff        7       ff          0          0 
    1159000     00     ff        8       00          1          0 
    1169000     00     ff        9       00          1          0 
    1179000     00     ff        a       ff          0          0 
    1189000     00     ff        b       00          1          0 
    1199000     00     ff        f       00          1          0 
